['书名', 'word_nums', 'word_tokens', 'unigram_len', 'unigram_entropy', 'bigram_len', 'bigram_entropy', 'trigram_len', 'trigram_entropy', 'time']
[['白马啸西风', 67339, 45612, 45612, 9.3333, 43251, 4.3094, 40907, 1.2626, 1.402], ['碧血剑', 487654, 314821, 314821, 10.3951, 313201, 5.2836, 311584, 1.7646, 5.88], ['飞狐外传', 439842, 286039, 286039, 10.2345, 284412, 5.2088, 282787, 1.8208, 5.484], ['连城诀', 229511, 152635, 152635, 9.8459, 150197, 4.9425, 147786, 1.6296, 2.871], ['鹿鼎记', 1217822, 801130, 801130, 10.0788, 789570, 5.6211, 778118, 2.3626, 14.657], ['三十三剑客图', 62964, 41157, 41157, 10.2894, 41079, 4.0232, 41001, 0.8006, 0.804], ['射雕英雄传', 902112, 589240, 589240, 10.4851, 578644, 5.5903, 568111, 2.1019, 11.688], ['神雕侠侣', 974773, 645343, 645343, 10.3057, 643339, 5.643, 641396, 2.2032, 12.29], ['书剑恩仇录', 513488, 331750, 331750, 10.3009, 330525, 5.2504, 329301, 1.8593, 6.211], ['天龙八部', 1206359, 790486, 790486, 10.3505, 780897, 5.6652, 771324, 2.2628, 15.192], ['侠客行', 364344, 238472, 238472, 9.9745, 234836, 5.0814, 231243, 1.7981, 4.417], ['笑傲江湖', 975741, 634345, 634345, 10.0878, 630064, 5.5283, 625784, 2.2829, 11.669], ['雪山飞狐', 132903, 86988, 86988, 9.9185, 85839, 4.5651, 84701, 1.3073, 1.671], ['倚天屠龙记', 956753, 615350, 615350, 10.4154, 609369, 5.5778, 603396, 2.1304, 11.769], ['鸳鸯刀', 35111, 23309, 23309, 9.3648, 22279, 3.6697, 21254, 0.8903, 0.437], ['越女剑', 16062, 10599, 10599, 9.1199, 10046, 3.2174, 9493, 0.6463, 0.203]]




+--------------+-----------+-------------+-------------+-----------------+------------+----------------+-------------+-----------------+--------+
|     书名     | word_nums | word_tokens | unigram_len | unigram_entropy | bigram_len | bigram_entropy | trigram_len | trigram_entropy |  time  |
+--------------+-----------+-------------+-------------+-----------------+------------+----------------+-------------+-----------------+--------+
|  白马啸西风  |   67339   |    45612    |    45612    |      9.3333     |   43251    |     4.3094     |    40907    |      1.2626     | 1.402  |
|    碧血剑    |   487654  |    314821   |    314821   |     10.3951     |   313201   |     5.2836     |    311584   |      1.7646     |  5.88  |
|   飞狐外传   |   439842  |    286039   |    286039   |     10.2345     |   284412   |     5.2088     |    282787   |      1.8208     | 5.484  |
|    连城诀    |   229511  |    152635   |    152635   |      9.8459     |   150197   |     4.9425     |    147786   |      1.6296     | 2.871  |
|    鹿鼎记    |  1217822  |    801130   |    801130   |     10.0788     |   789570   |     5.6211     |    778118   |      2.3626     | 14.657 |
| 三十三剑客图 |   62964   |    41157    |    41157    |     10.2894     |   41079    |     4.0232     |    41001    |      0.8006     | 0.804  |
|  射雕英雄传  |   902112  |    589240   |    589240   |     10.4851     |   578644   |     5.5903     |    568111   |      2.1019     | 11.688 |
|   神雕侠侣   |   974773  |    645343   |    645343   |     10.3057     |   643339   |     5.643      |    641396   |      2.2032     | 12.29  |
|  书剑恩仇录  |   513488  |    331750   |    331750   |     10.3009     |   330525   |     5.2504     |    329301   |      1.8593     | 6.211  |
|   天龙八部   |  1206359  |    790486   |    790486   |     10.3505     |   780897   |     5.6652     |    771324   |      2.2628     | 15.192 |
|    侠客行    |   364344  |    238472   |    238472   |      9.9745     |   234836   |     5.0814     |    231243   |      1.7981     | 4.417  |
|   笑傲江湖   |   975741  |    634345   |    634345   |     10.0878     |   630064   |     5.5283     |    625784   |      2.2829     | 11.669 |
|   雪山飞狐   |   132903  |    86988    |    86988    |      9.9185     |   85839    |     4.5651     |    84701    |      1.3073     | 1.671  |
|  倚天屠龙记  |   956753  |    615350   |    615350   |     10.4154     |   609369   |     5.5778     |    603396   |      2.1304     | 11.769 |
|    鸳鸯刀    |   35111   |    23309    |    23309    |      9.3648     |   22279    |     3.6697     |    21254    |      0.8903     | 0.437  |
|    越女剑    |   16062   |    10599    |    10599    |      9.1199     |   10046    |     3.2174     |     9493    |      0.6463     | 0.203  |
+--------------+-----------+-------------+-------------+-----------------+------------+----------------+-------------+-----------------+--------+


16本小说的平均信息熵如下：
一元模型：10.0313
二元模型：4.9486
三元模型：1.6952

计算信息熵共用时 106.645 s
